offset:
  head_p: 0
  head_y: 0
  l_arm_el_y: -0.008726646259971648
  l_arm_grip: 0
  l_arm_sh_p1: -0.0122173047639603
  l_arm_sh_p2: 0.005235987755982988
  l_arm_sh_r: -0.01221730476396031
  l_arm_wr_p: 2.422130901394883e-19
  l_arm_wr_r: 0
  l_arm_wr_y: 0.001745329251994331
  l_leg_an_p: 0
  l_leg_an_r: 0.00174532925199433
  l_leg_hip_p: 0
  l_leg_hip_r: -0.02181661564992913
  l_leg_hip_y: 0
  l_leg_kn_p: 0.005235987755982988
  r_arm_el_y: -0.008726646259971641
  r_arm_grip: 0
  r_arm_sh_p1: 0
  r_arm_sh_p2: -0.01221730476396031
  r_arm_sh_r: 0.01396263401595468
  r_arm_wr_p: 0.005235987755982988
  r_arm_wr_r: 0.01221730476396031
  r_arm_wr_y: -0.003490658503988659
  r_leg_an_p: -0.00349065850398866
  r_leg_an_r: 0
  r_leg_hip_p: 0
  r_leg_hip_r: 0.02094395102393196
  r_leg_hip_y: -0.005235987755982989
  r_leg_kn_p: 0
  torso_y: 0
init_pose_for_offset_tuner:
  head_p: 0
  head_y: 0
  l_arm_el_y: -1.570796326794897
  l_arm_grip: 0
  l_arm_sh_p1: 0
  l_arm_sh_p2: 0
  l_arm_sh_r: 0
  l_arm_wr_p: 0
  l_arm_wr_r: 0
  l_arm_wr_y: 0
  l_leg_an_p: -0.1047197551196598
  l_leg_an_r: 0
  l_leg_hip_p: 0.1047197551196598
  l_leg_hip_r: 0
  l_leg_hip_y: 0
  l_leg_kn_p: 0.1570796326794897
  r_arm_el_y: 1.570796326794897
  r_arm_grip: 0
  r_arm_sh_p1: 0
  r_arm_sh_p2: 0
  r_arm_sh_r: 0
  r_arm_wr_p: 0
  r_arm_wr_r: 0
  r_arm_wr_y: 0
  r_leg_an_p: 0.1047197551196598
  r_leg_an_r: 0
  r_leg_hip_p: -0.1047197551196598
  r_leg_hip_r: 0
  r_leg_hip_y: 0
  r_leg_kn_p: -0.1570796326794897
  torso_y: 0